  380 1693 432834.066 4581825.924 7.737
  757 1715 432827.567 4581827.962 7.593
 1209 1593 432820.630 4581821.176 7.624
 1251 1488 432820.209 4581812.358 7.674
 1592 1409 432812.150 4581804.453 7.665
 1869 1344 432803.508 4581795.962 7.621
 2914 1131 432740.612 4581739.510 7.225
 2667 1040 432726.099 4581677.378 7.278
 2793  935 432629.763 4581502.144 9.022
 2557  939 432620.617 4581396.635 3.286
 1268  926 432840.599 4581304.159 3.325
 1030  943 432875.213 4581377.508 3.066
 2048  944 432713.437 4581411.431 3.646
 2498  967 432665.832 4581487.332 3.272
 2527  965 432660.734 4581484.349 3.347
 2486  983 432680.559 4581521.604 3.098
 2511 1024 432717.306 4581624.365 4.851
 2630 1028 432701.019 4581612.723 3.487
 2637 1022 432699.640 4581609.682 3.500 
 2248 1095 432754.740 4581668.532 2.639
