  397 1670 432834.066 4581825.924 7.737
  773 1691 432827.567 4581827.962 7.593
 1221 1569 432820.630 4581821.176 7.624
 1262 1464 432820.209 4581812.358 7.674
 1599 1384 432812.150 4581804.453 7.665
 1881 1318 432803.508 4581795.962 7.621
 2924 1102 432740.612 4581739.510 7.225
 2677 1012 432726.099 4581677.378 7.278
 2567  912 432620.617 4581396.635 3.286
 1279  902 432840.599 4581304.159 0.325
 1040  919 432875.213 4581377.508 3.066
 2057  918 432713.437 4581411.431 3.646
 2508  939 432665.832 4581487.332 3.272
 2536  938 432660.734 4581484.349 3.347
 2497  955 432680.559 4581521.604 3.098
 2521  997 432717.306 4581624.365 4.851
 2639 1000 432701.019 4581612.723 3.487
 2258 1070 432754.740 4581668.532 2.639
