  352 1678 432834.066 4581825.924 7.737
  735 1699 432827.567 4581827.962 7.593
 1187 1576 432820.630 4581821.176 7.624
 1228 1471 432820.209 4581812.358 7.674
 1568 1391 432812.150 4581804.453 7.665
 1849 1325 432803.508 4581795.962 7.621
 2889 1110 432740.612 4581739.510 7.225
 2644 1020 432726.099 4581677.378 7.278
 2533  918 432620.617 4581396.635 3.286
 1244  908 432840.599 4581304.159 3.325
 1006  925 432875.213 4581377.508 3.066
 2026  925 432713.437 4581411.431 3.646
 2474  947 432665.832 4581487.332 3.272
 2503  946 432660.734 4581484.349 3.347
 2463  962 432680.559 4581521.604 3.098
 2487 1005 432717.306 4581624.365 4.851
 2605 1009 432701.019 4581612.723 3.487
 2225 1076 432754.740 4581668.532 2.639
